# Sekai Note Cyan Left (357, 1179) (93, 186)
# xx
1.6625	-0.6625000000000001	1.0489583333333337	-2.632291666666667
-0.6625000000000001	1.6625	-2.632291666666667	1.0489583333333337
0	0	4.294791666666667	-1.7114583333333337
0	0	-1.7114583333333337	4.294791666666667
# xy
0	0	0	0
0	0	0	0
0	0	0	0
0	0	0	0
# yx
0	0	0	0
0	0	0	0
0	0	0	0
0	0	0	0
# yy
1.6625	-0.6625000000000001	1.0489583333333337	-2.632291666666667
-0.6625000000000001	1.6625	-2.632291666666667	1.0489583333333337
0	0	4.294791666666667	-1.7114583333333337
0	0	-1.7114583333333337	4.294791666666667

# Sekai Note Cyan Middle (450, 1179) (168, 186)
# xx
1.6625	-0.6625000000000001	0	0
-0.6625000000000001	1.6625	0	0
0	0	1.6625	-0.6625000000000001
0	0	-0.6625000000000001	1.6625
# xy
0	0	0	0
0	0	0	0
0	0	0	0
0	0	0	0
# yx
0	0	0	0
0	0	0	0
0	0	0	0
0	0	0	0
# yy
1.6625	-0.6625000000000001	0	0
-0.6625000000000001	1.6625	0	0
0	0	1.6625	-0.6625000000000001
0	0	-0.6625000000000001	1.6625

# Sekai Note Cyan Right (618, 1179) (93, 186)
# xx
4.294791666666667	-1.7114583333333337	0	0
-1.7114583333333337	4.294791666666667	0	0
1.0489583333333337	-2.632291666666667	1.6625	-0.6625000000000001
-2.632291666666667	1.0489583333333337	-0.6625000000000001	1.6625
# xy
0	0	0	0
0	0	0	0
0	0	0	0
0	0	0	0
# yx
0	0	0	0
0	0	0	0
0	0	0	0
0	0	0	0
# yy
4.294791666666667	-1.7114583333333337	0	0
-1.7114583333333337	4.294791666666667	0	0
1.0489583333333337	-2.632291666666667	1.6625	-0.6625000000000001
-2.632291666666667	1.0489583333333337	-0.6625000000000001	1.6625

# Sekai Diamond Green (1781, 1367) (158, 160)
# xx
1.8041092745638203	-0.4662304866850322	0.11774563820018366	-0.4556244260789716
-0.4662304866850322	1.8041092745638203	-0.4556244260789716	0.11774563820018366
0.11774563820018366	-0.4556244260789716	1.8041092745638203	-0.4662304866850322
-0.4556244260789716	0.11774563820018366	-0.4662304866850322	1.8041092745638203
# xy
0	0	0	0
0	0	0	0
0	0	0	0
0	0	0	0
# yx
0	0	0	0
0	0	0	0
0	0	0	0
0	0	0	0
# yy
1.8041092745638203	-0.4662304866850322	0.11774563820018366	-0.4556244260789716
-0.4662304866850322	1.8041092745638203	-0.4556244260789716	0.11774563820018366
0.11774563820018366	-0.4556244260789716	1.8041092745638203	-0.4662304866850322
-0.4556244260789716	0.11774563820018366	-0.4662304866850322	1.8041092745638203

# Sekai Flick Arrow Red Left 1 (1943, 1848) (88, 80)
# xx
2.727272727272727	0	0	-0.9090909090909091
-1.227272727272727	1.5	-0.5	0.40909090909090906
0.40909090909090906	-0.5	1.5	-1.227272727272727
-0.9090909090909091	0	0	2.727272727272727
# xy
0	0	0	0
0	0	0	0
0	0	0	0
0	0	0	0
# yx
0	0	0	0
0	0	0	0
0	0	0	0
0	0	0	0
# yy
2.727272727272727	0	0	-0.9090909090909091
-1.227272727272727	1.5	-0.5	0.40909090909090906
0.40909090909090906	-0.5	1.5	-1.227272727272727
-0.9090909090909091	0	0	2.727272727272727

# Sekai Flick Arrow Red Left 2 (1907, 1179) (114, 91)
# xx
1.8801652892561984	0	0	-0.5013774104683195
-0.5165289256198349	1.3636363636363638	-0.36363636363636365	0.13774104683195598
0.13774104683195598	-0.36363636363636365	1.3636363636363638	-0.5165289256198349
-0.5013774104683195	0	0	1.8801652892561984
# xy
0	0	0	0
0	0	0	0
0	0	0	0
0	0	0	0
# yx
0	0	0	0
0	0	0	0
0	0	0	0
0	0	0	0
# yy
1.8801652892561984	0	0	-0.5013774104683195
-0.5165289256198349	1.3636363636363638	-0.36363636363636365	0.13774104683195598
0.13774104683195598	-0.36363636363636365	1.3636363636363638	-0.5165289256198349
-0.5013774104683195	0	0	1.8801652892561984

# Sekai Flick Arrow Red Left 3 (680, 1848) (149, 106)
# xx
1.4089626736111112	0	0	-0.3047960069444444
-0.13292100694444453	1.2760416666666665	-0.27604166666666663	0.02875434027777779
0.02875434027777779	-0.27604166666666663	1.2760416666666665	-0.13292100694444453
-0.3047960069444444	0	0	1.4089626736111112
# xy
0	0	0	0
0	0	0	0
0	0	0	0
0	0	0	0
# yx
0	0	0	0
0	0	0	0
0	0	0	0
0	0	0	0
# yy
1.4089626736111112	0	0	-0.3047960069444444
-0.13292100694444453	1.2760416666666665	-0.27604166666666663	0.02875434027777779
0.02875434027777779	-0.27604166666666663	1.2760416666666665	-0.13292100694444453
-0.3047960069444444	0	0	1.4089626736111112

# Sekai Flick Arrow Red Left 4 (1225, 1717) (188, 121)
# xx
1.1668701171875	0	0	-0.2215576171875
0.0675048828125	1.234375	-0.234375	-0.0128173828125
-0.0128173828125	-0.234375	1.234375	0.0675048828125
-0.2215576171875	0	0	1.1668701171875
# xy
0	0	0	0
0	0	0	0
0	0	0	0
0	0	0	0
# yx
0	0	0	0
0	0	0	0
0	0	0	0
0	0	0	0
# yy
1.1668701171875	0	0	-0.2215576171875
0.0675048828125	1.234375	-0.234375	-0.0128173828125
-0.0128173828125	-0.234375	1.234375	0.0675048828125
-0.2215576171875	0	0	1.1668701171875

# Sekai Flick Arrow Red Left 5 (1703, 1555) (222, 135)
# xx
1.0172659309362762	0	0	-0.16820932716269132
0.1808472766108935	1.1981132075471699	-0.19811320754716977	-0.029903880384478443
-0.029903880384478443	-0.19811320754716977	1.1981132075471699	0.1808472766108935
-0.16820932716269132	0	0	1.0172659309362762
# xy
0	0	0	0
0	0	0	0
0	0	0	0
0	0	0	0
# yx
0	0	0	0
0	0	0	0
0	0	0	0
0	0	0	0
# yy
1.0172659309362762	0	0	-0.16820932716269132
0.1808472766108935	1.1981132075471699	-0.19811320754716977	-0.029903880384478443
-0.029903880384478443	-0.19811320754716977	1.1981132075471699	0.1808472766108935
-0.16820932716269132	0	0	1.0172659309362762

# Sekai Flick Arrow Red Left 6 (1220, 1555) (257, 150)
# xx
0.9286703601108033	0	0	-0.13919667590027696
0.24764542936288086	1.1763157894736842	-0.1763157894736842	-0.03711911357340719
-0.03711911357340719	-0.1763157894736842	1.1763157894736842	0.24764542936288086
-0.13919667590027696	0	0	0.9286703601108033
# xy
0	0	0	0
0	0	0	0
0	0	0	0
0	0	0	0
# yx
0	0	0	0
0	0	0	0
0	0	0	0
0	0	0	0
# yy
0.9286703601108033	0	0	-0.13919667590027696
0.24764542936288086	1.1763157894736842	-0.1763157894736842	-0.03711911357340719
-0.03711911357340719	-0.1763157894736842	1.1763157894736842	0.24764542936288086
-0.13919667590027696	0	0	0.9286703601108033

# Sekai Flick Arrow Red Up 1 (165, 1962) (72, 79)
# xx
2.366735537190083	0	0	-0.5712809917355373
-1.0485537190082646	1.3181818181818183	-0.31818181818181823	0.253099173553719
0.253099173553719	-0.31818181818181823	1.3181818181818183	-1.0485537190082646
-0.5712809917355373	0	0	2.366735537190083
# xy
0	0	0	0
0	0	0	0
0	0	0	0
0	0	0	0
# yx
0	0	0	0
0	0	0	0
0	0	0	0
0	0	0	0
# yy
2.366735537190083	0	0	-0.5712809917355373
-1.0485537190082646	1.3181818181818183	-0.31818181818181823	0.253099173553719
0.253099173553719	-0.31818181818181823	1.3181818181818183	-1.0485537190082646
-0.5712809917355373	0	0	2.366735537190083

# Sekai Flick Arrow Red Up 2 (1781, 1278) (94, 87)
# xx
1.5977961432506886	0	0	-0.2796143250688705
-0.3856749311294765	1.2121212121212122	-0.21212121212121215	0.06749311294765839
0.06749311294765839	-0.21212121212121215	1.2121212121212122	-0.3856749311294765
-0.2796143250688705	0	0	1.5977961432506886
# xy
0	0	0	0
0	0	0	0
0	0	0	0
0	0	0	0
# yx
0	0	0	0
0	0	0	0
0	0	0	0
0	0	0	0
# yy
1.5977961432506886	0	0	-0.2796143250688705
-0.3856749311294765	1.2121212121212122	-0.21212121212121215	0.06749311294765839
0.06749311294765839	-0.21212121212121215	1.2121212121212122	-0.3856749311294765
-0.2796143250688705	0	0	1.5977961432506886

# Sekai Flick Arrow Red Up 3 (1817, 1848) (124, 97)
# xx
1.1577690972222223	0	0	-0.14735243055555558
-0.011935763888888975	1.1458333333333335	-0.14583333333333337	0.0015190972222222333
0.0015190972222222333	-0.14583333333333337	1.1458333333333335	-0.011935763888888975
-0.14735243055555558	0	0	1.1577690972222223
# xy
0	0	0	0
0	0	0	0
0	0	0	0
0	0	0	0
# yx
0	0	0	0
0	0	0	0
0	0	0	0
0	0	0	0
# yy
1.1577690972222223	0	0	-0.14735243055555558
-0.011935763888888975	1.1458333333333335	-0.14583333333333337	0.0015190972222222333
0.0015190972222222333	-0.14583333333333337	1.1458333333333335	-0.011935763888888975
-0.14735243055555558	0	0	1.1577690972222223

# Sekai Flick Arrow Red Up 4 (371, 1848) (156, 108)
# xx
0.93603515625	0	0	-0.09228515625
0.17333984375	1.109375	-0.109375	-0.01708984375
-0.01708984375	-0.109375	1.109375	0.17333984375
-0.09228515625	0	0	0.93603515625
# xy
0	0	0	0
0	0	0	0
0	0	0	0
0	0	0	0
# yx
0	0	0	0
0	0	0	0
0	0	0	0
0	0	0	0
# yy
0.93603515625	0	0	-0.09228515625
0.17333984375	1.109375	-0.109375	-0.01708984375
-0.01708984375	-0.109375	1.109375	0.17333984375
-0.09228515625	0	0	0.93603515625

# Sekai Flick Arrow Red Up 5 (1605, 1717) (187, 118)
# xx
0.8074838811755863	0	0	-0.06534551639571218
0.28056643328982245	1.0880503144654088	-0.08805031446540879	-0.022704798069696608
-0.022704798069696608	-0.08805031446540879	1.0880503144654088	0.28056643328982245
-0.06534551639571218	0	0	0.8074838811755863
# xy
0	0	0	0
0	0	0	0
0	0	0	0
0	0	0	0
# yx
0	0	0	0
0	0	0	0
0	0	0	0
0	0	0	0
# yy
0.8074838811755863	0	0	-0.06534551639571218
0.28056643328982245	1.0880503144654088	-0.08805031446540879	-0.022704798069696608
-0.022704798069696608	-0.08805031446540879	1.0880503144654088	0.28056643328982245
-0.06534551639571218	0	0	0.8074838811755863

# Sekai Flick Arrow Red Up 6 (221, 1717) (218, 129)
# xx
0.7289750692520776	0	0	-0.050027700831024924
0.34470914127423824	1.0736842105263158	-0.0736842105263158	-0.023656509695290873
-0.023656509695290873	-0.0736842105263158	1.0736842105263158	0.34470914127423824
-0.050027700831024924	0	0	0.7289750692520776
# xy
0	0	0	0
0	0	0	0
0	0	0	0
0	0	0	0
# yx
0	0	0	0
0	0	0	0
0	0	0	0
0	0	0	0
# yy
0.7289750692520776	0	0	-0.050027700831024924
0.34470914127423824	1.0736842105263158	-0.0736842105263158	-0.023656509695290873
-0.023656509695290873	-0.0736842105263158	1.0736842105263158	0.34470914127423824
-0.050027700831024924	0	0	0.7289750692520776

# SIMULTANEOUS_CONNECTION (239, 1962) (10, 40)
# xx
0.75	0.25	0	0
0.25	0.75	0	0
0	0	0.75	0.25
0	0	0.25	0.75
# xy
0	0	0	0
0	0	0	0
0	0	0	0
0	0	0	0
# yx
0	0	0	0
0	0	0	0
0	0	0	0
0	0	0	0
# yy
0.75	0.25	0	0
0.25	0.75	0	0
0	0	0.75	0.25
0	0	0.25	0.75

# #DIRECTIONAL_MARKER_BLUE (935, 1848) (124, 97)
# xx
1.1391752577319587	0	0	-0.1391752577319587
0	1.1391752577319587	-0.1391752577319587	0
0	-0.1391752577319587	1.1391752577319587	0
-0.1391752577319587	0	0	1.1391752577319587
# xy
0	0	0	0
0	0	0	0
0	0	0	0
0	0	0	0
# yx
0	0	0	0
0	0	0	0
0	0	0	0
0	0	0	0
# yy
1.1391752577319587	0	0	-0.1391752577319587
0	1.1391752577319587	-0.1391752577319587	0
0	-0.1391752577319587	1.1391752577319587	0
-0.1391752577319587	0	0	1.1391752577319587

# #GRID_BLUE (559, 1978) (1, 1)
# xx
1	0	0	0
0	1	0	0
0	0	1	0
0	0	0	1
# xy
0	0	0	0
0	0	0	0
0	0	0	0
0	0	0	0
# yx
0	0	0	0
0	0	0	0
0	0	0	0
0	0	0	0
# yy
1	0	0	0
0	1	0	0
0	0	1	0
0	0	0	1

# #JUDGMENT_LINE (1983, 1717) (1, 114)
# xx
1.2125	-0.21250000000000002	0	0
-0.21250000000000002	1.2125	0	0
0	0	1.2125	-0.21250000000000002
0	0	-0.21250000000000002	1.2125
# xy
0	0	0	0
0	0	0	0
0	0	0	0
0	0	0	0
# yx
0	0	0	0
0	0	0	0
0	0	0	0
0	0	0	0
# yy
1.2125	-0.21250000000000002	0	0
-0.21250000000000002	1.2125	0	0
0	0	1.2125	-0.21250000000000002
0	0	-0.21250000000000002	1.2125

# #NOTE_CONNECTION_BLUE (307, 1962) (306, 4)
# xx
1.1375	0	0	-0.13749999999999996
0	1.1375	-0.13749999999999996	0
0	-0.13749999999999996	1.1375	0
-0.13749999999999996	0	0	1.1375
# xy
0	0	0	0
0	0	0	0
0	0	0	0
0	0	0	0
# yx
0	0	0	0
0	0	0	0
0	0	0	0
0	0	0	0
# yy
1.1375	0	0	-0.13749999999999996
0	1.1375	-0.13749999999999996	0
0	-0.13749999999999996	1.1375	0
-0.13749999999999996	0	0	1.1375

# #NOTE_HEAD_BLUE (1, 1179) (354, 186)
# xx
2.0573437500000002	-0.8198437500000001	0.15734375000000006	-0.3948437500000001
-0.8198437500000001	2.0573437500000002	-0.3948437500000001	0.15734375000000006
0.15734375000000006	-0.3948437500000001	2.0573437500000002	-0.8198437500000001
-0.3948437500000001	0.15734375000000006	-0.8198437500000001	2.0573437500000002
# xy
0	0	0	0
0	0	0	0
0	0	0	0
0	0	0	0
# yx
0	0	0	0
0	0	0	0
0	0	0	0
0	0	0	0
# yy
2.0573437500000002	-0.8198437500000001	0.15734375000000006	-0.3948437500000001
-0.8198437500000001	2.0573437500000002	-0.3948437500000001	0.15734375000000006
0.15734375000000006	-0.3948437500000001	2.0573437500000002	-0.8198437500000001
-0.3948437500000001	0.15734375000000006	-0.8198437500000001	2.0573437500000002

# #NOTE_TICK_BLUE (161, 1555) (158, 160)
# xx
1.4950413223140497	-0.2768595041322314	0.04958677685950413	-0.2677685950413223
-0.2768595041322314	1.4950413223140497	-0.2677685950413223	0.04958677685950413
0.04958677685950413	-0.2677685950413223	1.4950413223140497	-0.2768595041322314
-0.2677685950413223	0.04958677685950413	-0.2768595041322314	1.4950413223140497
# xy
0	0	0	0
0	0	0	0
0	0	0	0
0	0	0	0
# yx
0	0	0	0
0	0	0	0
0	0	0	0
0	0	0	0
# yy
1.4950413223140497	-0.2768595041322314	0.04958677685950413	-0.2677685950413223
-0.2768595041322314	1.4950413223140497	-0.2677685950413223	0.04958677685950413
0.04958677685950413	-0.2677685950413223	1.4950413223140497	-0.2768595041322314
-0.2677685950413223	0.04958677685950413	-0.2768595041322314	1.4950413223140497

# Sekai Slot Cyan (705, 1717) (128, 128)
# xx
1.639649018441404	-0.3591612135633552	0.07867340868530638	-0.3591612135633552
-0.3591612135633552	1.639649018441404	-0.3591612135633552	0.07867340868530638
0.07867340868530638	-0.3591612135633552	1.639649018441404	-0.3591612135633552
-0.3591612135633552	0.07867340868530638	-0.3591612135633552	1.639649018441404
# xy
0	0	0	0
0	0	0	0
0	0	0	0
0	0	0	0
# yx
0	0	0	0
0	0	0	0
0	0	0	0
0	0	0	0
# yy
1.639649018441404	-0.3591612135633552	0.07867340868530638	-0.3591612135633552
-0.3591612135633552	1.639649018441404	-0.3591612135633552	0.07867340868530638
0.07867340868530638	-0.3591612135633552	1.639649018441404	-0.3591612135633552
-0.3591612135633552	0.07867340868530638	-0.3591612135633552	1.639649018441404